-0.15
-0.149976
-0.149883
-0.149845
-0.149799
-0.149515
-0.14839
-0.14765
-0.146297
-0.145662
-0.144951
-0.143486
-0.142174
-0.141614
-0.14042
-0.137154
-0.133006
-0.129482
-0.124284
-0.11873
-0.114762
-0.113861
-0.105649
-0.0952739
-0.0834545
-0.0827195
-0.0716126
-0.0674384
-0.0600455
-0.0492727
-0.0491966
-0.0353977
-0.0221411
-0.00900071
-0.00124447
0.00767207
0.0174109
0.0272851
0.0412507
0.0552513
0.0675566
0.074346
0.0777119
0.0920405
0.104546
0.113794
0.121335
0.127331
0.132096
0.136266
0.138444
0.140623
0.142482
0.144125
0.146016
0.147279
0.148081
0.148206
0.149434
0.149798
0.149885
0.149981
0.15
